   19.20        18.24
   23.91        22.41
   22.32        21.14
   25.66        24.02
   19.41        18.70
   25.84        24.17
   24.26        22.89
   20.60        19.45
   20.18        19.46
   18.54        17.94
   19.06        18.12
   20.08        19.19
   20.17        19.44
   21.87        20.95
   22.31        20.98
   21.87        20.83
   20.36        19.59
   19.26        18.66
   19.57        18.86
   23.03        21.76
   24.06        22.66
   23.10        21.82
   20.78        20.03
   23.86        22.43
   19.47        18.81
   21.39        20.53
   23.55        22.17
   21.63        20.58
   19.79        19.08
   25.70        23.65
   19.21        18.61
   22.72        21.50
   19.72        18.78
   25.39        23.80
   19.40        18.72
   20.11        19.37
   21.19        20.24
   19.86        18.95
   24.85        23.07
   23.36        22.10
   24.05        22.56
   20.42        19.71
   23.39        22.00
   22.30        20.57
   24.93        23.43
   24.59        23.17
   23.33        21.60
   24.62        23.21
   24.42        22.80
   24.67        23.10
   23.79        22.38
   22.55        21.38
   19.63        18.94
   18.35        17.77
   18.44        17.86
   19.33        18.37
   19.95        19.13
   19.01        18.39
   21.79        20.74
   24.26        22.73
   21.63        20.63
   18.20        17.68
   21.29        20.35
   22.98        21.69
   23.62        21.92
   24.66        22.86
   18.68        18.15
   22.60        21.41
   23.28        21.59
   22.53        21.32
   21.91        20.84
   23.30        22.00
   21.21        20.27
   19.58        18.88
   19.81        19.10
   20.17        19.25
   19.00        18.38
   22.27        21.17
   24.88        23.38
   25.06        23.49
   24.54        22.92
   22.17        21.10
   22.91        21.61
   23.33        21.96
   24.31        22.89
   20.93        20.08
   24.73        23.16
   24.41        22.94
   22.86        21.63
   24.47        22.96
   21.96        20.90
   24.08        22.45
   20.25        19.50
   24.17        22.47
   23.58        22.22
   20.94        20.18
   17.29        16.48
   23.32        21.76
   21.61        20.63
   24.42        23.00
   21.02        20.15
   25.43        23.63
   20.46        19.62
   18.19        16.99
   20.98        20.09
   22.15        20.99
   23.38        22.05
   21.81        20.80
   22.43        21.39
   19.08        18.48
   25.57        23.81
   20.26        19.49
   23.85        22.48
   20.60        19.76
   25.24        23.27
   23.25        21.73
   23.80        22.45
   21.30        20.35
   21.29        20.36
   24.84        23.24
   23.78        22.45
   19.31        18.67
   23.40        22.13
   20.35        19.49
   25.29        23.69
   23.65        22.31
   22.56        21.39
   21.83        20.78
   21.27        20.35
   23.06        21.84
   25.04        23.21
   24.28        22.84
   22.78        21.57
   20.64        19.80
   23.63        22.23
   20.20        19.45
   22.88        21.62
   22.91        21.67
   21.64        20.65
   20.10        19.40
   19.16        18.56
   21.64        20.68
   25.19        23.41
   24.84        23.25
   21.58        20.50
   21.02        20.19
   20.22        19.46
   22.59        21.39
   18.00        17.44
   19.95        19.23
   19.61        18.96
   24.51        23.10
   25.33        23.39
   20.22        19.46
   24.68        23.12
   20.44        19.60
   19.05        18.43
   18.79        17.53
   25.66        23.92
   22.45        21.28
   18.92        18.31
   21.00        20.08
   19.88        19.20
   17.19        16.37
   20.18        19.00
   19.45        18.80
   23.32        21.79
   17.39        16.58
   20.74        19.90
   21.29        20.39
   21.97        20.92
   20.63        19.75
   21.93        20.27
   19.38        18.71
   23.48        22.17
   23.34        21.95
   23.24        21.44
   23.07        21.82
   19.15        18.21
   18.67        18.11
   23.47        22.00
   23.68        22.42
   18.78        18.21
   18.89        18.29
   20.97        20.11
   25.91        23.45
   22.94        21.76
   21.06        20.16
   20.06        19.28
   23.76        22.33
   22.65        20.97
   22.98        21.69
   22.27        21.17
   25.15        23.03
   19.12        18.55
   23.06        21.70
   19.00        18.41
   22.64        21.38
   18.61        18.01
   24.60        22.91
   19.38        18.72
   20.29        19.52
   23.39        21.99
   21.81        20.78
   21.92        20.84
   24.56        23.17
   23.87        22.45
   22.43        21.26
   20.31        19.55
   23.31        21.91
   23.98        22.50
   20.12        19.39
   19.71        19.02
   19.31        18.64
   24.71        23.20
   23.01        21.71
   20.50        19.68
   18.59        18.03
   19.12        18.49
   20.80        19.98
   19.02        17.77
   22.17        21.06
   22.06        20.86
   18.87        18.28
   25.28        23.57
   19.91        19.18
   18.61        18.01
   19.88        19.15
   23.82        22.55
   20.67        19.83
   24.03        22.60
   19.84        19.12
   24.97        23.50
   25.45        23.81
   23.47        22.18
   19.85        19.05
   20.44        19.65
   20.30        19.56
   19.96        19.22
   21.97        20.90
   17.82        17.11
   22.91        21.66
   24.13        22.75
   24.65        22.74
   25.73        23.91
   23.11        21.70
   17.86        17.15
   20.29        19.50
   20.58        19.75
   18.69        18.10
   22.56        21.38
   14.99        14.42
   19.26        18.36
   20.35        19.56
   19.69        19.00
   18.70        18.14
   25.03        23.29
   25.73        24.09
   18.66        18.13
   20.92        20.09
   20.08        19.34
   24.39        22.74
   22.16        21.03
   23.55        22.26
   21.34        20.45
   23.55        22.11
   18.37        17.81
   22.72        21.47
   23.76        22.47
   20.87        20.06
   22.75        21.54
   21.95        20.90
   24.58        23.00
   21.68        20.69
   24.59        23.07
   22.39        21.30
   21.90        20.33
   23.65        22.36
   25.62        23.61
   22.32        21.23
   17.41        16.42
   23.99        22.63
   19.00        18.40
   18.12        17.55
   21.66        20.64
   18.41        17.84
   24.61        23.08
   22.48        21.27
   20.46        19.66
   22.95        21.69
   21.15        20.24
   17.34        16.54
   17.94        17.37
   18.52        17.95
   21.77        20.75
   23.52        22.31
   21.56        20.61
   22.30        20.83
   19.55        18.80
   24.97        23.29
   18.16        17.59
   21.57        20.60
   18.07        17.53
   20.86        20.00
   20.06        19.31
   23.24        22.00
   22.24        21.11
   13.92        13.41
   18.47        17.91
   22.88        21.59
   19.51        18.84
   24.53        23.12
   17.84        17.18
   18.64        18.09
   24.87        23.22
   21.45        20.49
   24.66        23.21
   23.28        22.02
   21.07        19.67
   19.63        18.97
   17.83        17.18
   22.15        21.02
   20.39        19.59
   19.85        19.15
   20.38        19.60
   17.55        16.77
   18.30        17.73
   19.54        18.89
   25.55        23.52
   22.98        21.65
   20.19        19.37
   23.27        22.06
   22.91        21.67
   22.23        21.15
   23.52        22.14
   21.68        20.66
   17.89        17.32
   22.43        21.41
   19.64        18.95
   20.30        19.53
   20.22        19.46
   25.02        23.42
   20.48        19.68
   18.91        18.31
   19.88        19.17
   21.67        20.69
   24.99        23.43
   22.28        21.21
   21.88        20.85
   23.85        22.19
   24.33        22.82
   20.03        19.29
   21.77        20.76
   17.46        16.66
   20.03        19.27
   19.86        19.14
   23.82        22.34
   22.14        21.04
   23.02        21.70
   23.17        21.84
   19.96        19.24
   24.98        23.33
   24.94        23.12
   21.45        20.52
   21.09        20.20
   21.23        20.33
   22.58        21.37
   24.82        23.08
   18.07        17.50
   20.01        19.27
   24.98        23.43
   17.47        16.67
   17.13        16.35
   22.84        21.63
   22.88        21.71
   20.28        19.40
   24.17        22.70
   23.18        21.86
   22.34        20.82
   19.15        18.52
   24.91        23.38
   19.87        19.17
   22.77        21.55
   20.89        20.00
   23.28        22.01
   22.45        21.31
   24.32        22.75
   23.76        22.36
   20.90        20.02
   24.69        22.98
   18.96        18.36
   25.11        23.31
   20.18        19.43
   21.25        20.32
   18.48        17.91
   24.62        22.96
   20.47        19.78
   21.23        20.32
   23.12        21.84
   20.17        19.46
   20.96        20.09
   20.73        19.90
   22.62        21.41
   24.93        23.14
   25.12        23.43
   18.10        17.54
   18.78        18.18
   22.88        21.56
   24.94        23.47
   20.52        19.74
   21.79        20.74
   20.18        19.42
   19.55        18.88
   24.88        23.23
   20.10        19.35
   21.61        20.63
   18.39        17.84
   24.09        22.64
   25.10        23.13
   18.39        17.81
   21.60        20.63
   21.86        20.84
   19.46        18.81
   20.62        19.81
   18.22        17.67
   22.23        21.25
   24.12        22.74
   24.06        22.54
   21.01        20.14
   21.04        20.16
   21.10        20.20
   19.91        19.24
   20.23        19.45
   19.96        19.23
   22.35        21.20
   22.16        21.03
   23.32        22.00
   20.71        19.87
   24.26        22.81
   21.00        20.11
   21.73        20.75
   19.98        19.26
   19.93        18.96
   22.17        21.04
   23.17        21.99
   21.94        20.99
   20.60        19.78
   20.15        19.37
   20.69        19.87
   20.40        19.63
   19.92        19.25
   19.51        18.60
   24.38        22.93
   19.16        18.53
   19.89        19.07
   19.79        19.10
   18.96        18.37
   22.71        21.55
   20.41        19.62
   19.17        18.54
   21.22        20.32
   25.20        23.51
   18.77        18.18
   25.53        23.65
   21.41        20.47
   22.07        21.02
   23.56        22.11
   20.07        19.33
   25.27        22.98
   18.32        17.75
   21.43        20.47
   24.07        22.69
   18.80        18.22
   21.75        20.76
   24.05        22.63
   23.52        22.06
   23.90        22.47
   18.73        18.18
   23.16        21.89
   20.88        20.02
   19.50        18.86
   23.74        22.19
   17.86        17.25
   23.46        22.12
   20.49        19.68
   21.90        20.86
   23.70        22.24
   19.04        18.45
   23.45        22.08
   23.48        22.00
   20.05        19.32
   18.72        18.15
   18.68        18.10
   20.55        19.73
   21.23        20.35
   20.81        20.01
   19.85        19.12
   21.97        20.95
   21.70        20.73
   20.65        19.79
   20.73        19.91
   19.53        18.86
   18.45        17.88
   20.46        19.67
   19.24        18.63
   23.88        22.43
   19.69        19.02
   22.87        21.62
   20.00        19.30
   20.79        19.89
   17.86        17.25
   22.18        21.02
   20.18        19.43
   23.46        21.96
   24.73        23.02
   22.33        21.18
   22.64        21.45
   20.87        19.98
   20.98        20.11
   23.30        21.91
   21.20        20.26
   22.39        21.27
   22.63        21.56
   21.21        20.27
   22.99        21.82
   20.30        19.53
   22.57        21.51
   17.03        16.58
   22.54        21.37
   22.64        21.46
   18.99        18.40
   22.97        21.67
   21.29        20.43
   20.46        19.64
   23.30        21.97
   17.81        17.06
   24.05        22.66
   19.84        19.12
   19.23        18.59
   19.41        18.77
   21.09        20.20
   20.46        19.67
   22.10        21.03
   20.17        19.45
   22.97        21.76
   24.56        23.16
   19.00        18.39
   21.50        20.55
   22.41        20.86
   22.73        21.48
   21.64        20.67
   20.39        19.62
   23.74        22.33
   17.85        17.23
   22.39        21.21
   23.23        21.94
   22.95        21.69
   19.39        18.78
   18.27        17.71
   18.45        17.91
   21.32        20.39
   19.69        19.00
   23.55        22.33
   24.00        22.67
   20.20        19.45
   17.80        17.05
   20.58        19.74
   21.92        20.90
   21.96        20.67
   18.63        18.04
   17.95        17.39
   22.27        21.13
   21.07        20.14
   20.25        19.47
   14.91        14.10
   20.84        20.00
   21.71        20.69
   19.39        18.73
   20.79        19.95
   18.79        18.21
   20.83        19.89
   22.10        21.03
   20.36        19.58
   21.10        20.18
   23.79        22.50
   18.85        18.25
   19.29        18.66
   22.43        21.25
   21.48        20.56
   21.56        20.59
   22.99        21.74
   20.48        19.61
   21.39        20.43
   24.18        22.49
   16.05        15.18
   21.12        20.20
   24.84        23.24
   24.10        22.75
   20.20        19.47
   23.35        21.93
   19.71        19.03
   17.99        17.42
   22.66        21.55
   21.30        20.35
   19.71        19.02
   24.97        22.88
   20.83        19.99
   21.06        20.18
   20.96        20.10
   18.27        17.71
   20.60        19.79
   17.85        17.11
   16.73        16.04
   22.05        20.17
   20.59        19.79
   19.48        18.81
   19.65        18.98
   14.76        13.90
   22.85        21.67
   24.68        22.81
   21.66        20.64
   17.72        16.94
   20.60        19.80
   17.88        17.30
   19.32        18.69
   23.85        22.58
   22.07        21.03
   22.56        21.38
   20.74        19.88
   20.13        19.41
   25.61        23.95
   18.90        18.31
   19.32        18.71
   19.14        18.50
   22.14        21.00
   23.76        22.28
   18.48        17.92
   20.33        19.54
   21.21        20.29
   23.02        21.72
   22.73        21.62
   20.09        19.36
   22.37        21.31
   16.14        15.23
   19.29        18.65
   23.14        21.92
   23.11        21.92
   14.97        14.11
   22.97        21.80
   19.25        18.58
   20.21        19.43
   21.89        20.83
   21.31        19.79
   17.94        17.37
   20.60        19.80
   22.41        21.26
   22.38        21.20
   17.87        17.25
   22.89        21.61
   19.39        18.71
   18.72        18.14
   18.71        18.13
   22.54        21.45
   17.49        16.86
   22.19        21.06
   18.73        18.17
   21.32        20.41
   22.89        21.48
   23.87        22.59
   22.28        20.99
   20.43        19.69
   20.64        19.79
   23.31        21.93
   20.16        19.41
   20.95        20.04
   18.80        18.22
   19.89        19.17
   18.38        17.83
   22.60        21.43
   18.30        17.75
   19.62        18.92
   19.56        18.88
   21.07        20.17
   18.62        17.94
   18.49        17.91
   22.30        21.17
   19.66        18.97
   18.84        18.24
   24.22        22.73
   21.64        20.63
   24.54        22.76
   23.22        21.89
   18.81        18.19
   20.59        19.77
   19.50        18.84
   21.02        20.18
   23.36        22.07
   19.64        18.97
   21.50        20.50
   19.12        18.52
   18.39        17.84
   20.52        19.71
   20.50        19.72
   23.10        21.80
   17.89        17.22
   22.37        21.24
   20.75        19.93
   21.85        20.88
   21.22        20.32
   21.88        20.85
   21.30        20.35
   23.62        22.18
   22.94        21.78
   22.58        21.44
   19.04        18.56
   18.85        18.25
   21.30        20.37
   19.15        18.48
   21.96        20.96
   22.49        21.33
   24.79        23.25
   23.33        21.84
   21.81        20.67
   20.51        19.62
   23.32        21.39
   23.90        22.50
   19.38        18.77
   21.21        20.33
   21.34        20.25
   20.86        20.00
   19.85        19.14
   22.88        21.73
   22.99        21.73
   22.23        21.03
   21.05        20.19
   21.20        20.27
   18.92        18.29
   21.72        20.57
   22.31        21.23
   23.18        21.88
   20.69        19.88
   19.47        18.84
   21.70        20.70
   20.39        19.61
   19.92        19.25
   21.38        20.53
   19.38        18.62
   20.17        19.45
   21.46        20.55
   22.02        20.98
   23.57        22.14
   23.61        22.31
   20.09        19.36
   22.71        21.45
   20.79        19.96
   22.40        21.21
   22.07        21.01
   21.26        20.41
   21.29        20.36
   22.36        21.22
   20.17        19.45
   18.37        17.80
   20.09        19.37
   19.52        18.78
   24.93        23.40
   17.88        17.29
   21.83        20.80
   21.52        20.56
   24.52        22.94
   20.40        19.60
   23.54        22.18
   18.36        17.80
   20.21        19.46
   17.88        17.25
   22.87        21.47
   17.89        17.29
   20.15        19.18
   22.60        21.40
   19.04        18.33
   19.83        19.13
   19.99        19.21
   23.14        21.99
   23.81        22.42
   21.59        20.55
   20.63        19.81
   23.06        21.76
   18.86        18.28
   20.35        19.56
   18.24        17.68
   21.25        20.28
   21.57        20.58
   21.14        20.28
   24.08        22.70
   19.43        18.77
   17.39        16.59
   20.18        19.49
   19.05        18.45
   20.40        19.61
   21.82        20.56
   20.15        19.44
   18.62        18.06
   21.10        20.16
   19.29        18.54
   22.06        20.99
   22.33        21.17
   23.21        22.00
   14.90        14.09
   21.75        20.79
   18.56        17.98
   23.02        21.47
   18.77        18.19
   19.04        18.44
   19.82        19.09
   22.23        21.05
   21.84        20.89
   22.17        21.09
   21.06        20.14
   18.84        18.18
   22.01        20.89
   17.95        17.39
   22.37        21.20
   23.03        21.67
   20.29        19.50
   18.04        17.51
   23.01        21.72
   18.87        18.29
   17.87        17.26
   19.42        18.79
   22.26        21.17
   18.18        17.61
   21.20        20.26
   18.41        17.86
   20.85        20.01
   19.79        19.08
   20.65        19.87
   22.75        21.55
   19.38        18.73
   19.44        18.81
   21.81        20.87
   20.70        19.92
   18.70        18.12
   22.14        21.08
   19.27        18.42
   20.49        19.69
   21.28        20.36
   19.30        18.65
   20.99        20.12
   18.58        17.97
   21.22        20.26
   20.50        19.72
   19.37        18.79
   19.75        19.06
   22.69        21.51
   19.95        19.25
   18.40        17.82
   18.72        18.14
   25.23        23.45
   19.47        18.81
   22.45        21.39
   18.33        17.73
   20.42        19.60
   25.58        23.91
   18.05        17.45
   19.91        19.18
   22.00        21.02
   24.89        23.13
   21.70        20.67
   18.07        17.52
   21.32        20.44
   18.16        17.60
   24.10        22.44
   22.28        21.15
   19.00        18.42
   18.37        17.79
   19.07        18.46
   20.14        19.46
   21.24        20.33
   23.57        22.29
   20.56        19.73
   20.06        19.31
   19.75        19.06
   17.91        17.34
   18.87        18.26
   20.56        19.80
   21.38        20.46
   20.09        19.33
   21.14        20.23
   24.62        23.12
   22.45        21.25
   19.45        18.79
   20.79        19.99
   19.15        18.52
   20.40        19.70
   22.44        21.41
   18.10        17.57
   22.06        21.07
   20.93        20.09
   21.01        20.17
   21.82        20.75
   19.68        18.99
   21.57        20.69
   19.52        18.69
   21.51        20.53
   23.96        22.37
   24.74        22.88
   17.26        16.45
   23.96        22.67
   15.80        14.89
   19.53        18.82
   23.39        21.98
   22.31        21.23
   20.38        19.68
   21.34        20.40
   18.39        17.83
   22.42        21.34
   20.39        19.65
   19.69        19.01
   20.61        19.78
   19.60        18.94
   15.51        14.57
   19.07        18.49
   18.84        18.26
   20.50        19.71
   18.70        18.15
   19.94        19.20
   18.72        18.13
   20.84        19.96
   18.93        18.35
   20.33        19.57
   23.07        21.75
   24.32        22.81
   22.69        21.51
   18.19        17.62
   19.35        18.71
   18.33        17.76
   21.82        20.78
   21.46        20.54
   19.56        18.90
   20.27        19.53
   20.19        19.42
   18.88        18.24
   19.47        18.81
   19.92        19.21
   22.06        21.06
   19.61        18.97
   20.82        19.97
   21.85        20.85
   19.68        18.87
   19.89        19.18
   23.24        21.99
   20.92        20.12
   23.19        21.95
   17.89        17.19
   22.28        21.04
   19.78        19.08
   23.35        21.96
   18.35        17.79
   22.20        21.10
   21.08        20.15
   24.01        22.52
   22.97        21.73
   19.80        19.12
   18.46        17.91
   20.27        19.59
   19.53        18.86
   22.05        21.02
   22.02        21.05
   20.73        19.83
   22.42        21.22
   18.47        17.94
   20.44        19.75
   18.90        18.29
   18.72        18.16
   23.39        22.02
   23.22        21.97
   19.64        18.86
   20.73        19.86
   21.81        20.76
   19.78        19.05
   23.48        22.11
   18.80        18.26
   24.34        22.82
   21.69        20.73
   17.49        16.70
   21.11        20.25
   22.88        21.71
   20.25        19.37
   19.96        19.21
   21.09        20.19
   18.44        17.85
   18.78        18.21
   19.22        18.56
   20.76        19.89
   23.38        22.03
   25.17        23.59
   21.32        20.40
   23.04        21.73
   18.91        18.32
   20.89        20.00
   20.76        19.88
   20.46        19.68
   18.84        18.27
   23.00        21.73
   20.82        19.97
   21.68        20.66
   20.06        19.25
   19.98        19.23
   21.56        20.56
   19.37        18.71
   18.04        17.49
   20.07        19.34
   19.80        19.09
   19.69        19.00
   21.30        20.34
   20.92        20.07
   20.62        19.79
   19.81        19.06
   19.52        18.82
   19.77        19.08
   19.65        18.93
   19.71        18.95
   17.68        17.03
   17.49        16.70
   17.70        16.91
   19.94        19.12
   19.69        19.07
   23.27        21.88
   20.08        19.40
   19.75        19.10
   21.44        20.34
   20.49        19.69
   19.64        18.88
   19.16        18.53
   18.67        18.09
   17.90        17.33
   21.76        20.77
   18.05        17.49
   21.34        20.42
   19.16        18.56
   21.35        20.45
   20.40        19.61
   22.62        21.46
   17.62        16.95
   17.46        16.66
   21.29        20.38
   22.97        21.21
   21.03        20.18
   18.13        17.57
   23.26        21.89
   19.76        19.05
   22.03        21.00
   19.34        18.70
   21.34        20.35
   21.73        20.67
   21.28        20.37
   18.75        18.20
   23.82        22.40
   22.11        20.94
   20.29        19.50
   23.40        21.94
   23.95        22.50
   20.18        19.50
   19.18        18.57
   20.12        19.25
   21.19        20.34
   17.81        17.14
   17.89        17.29
   20.49        19.70
   23.25        21.72
   20.69        19.94
   20.93        20.05
   21.49        20.52
   21.42        20.52
   19.49        18.84
   22.43        21.40
   19.76        19.02
   20.98        20.14
   23.11        21.78
   20.90        19.97
   19.38        18.75
   22.87        21.60
   19.02        18.41
   18.37        17.84
   19.71        18.96
   22.50        21.44
   18.71        18.17
   19.07        18.48
   19.14        18.50
   18.27        17.65
   23.52        22.15
   21.48        20.52
   23.35        22.01
   18.08        17.49
   22.60        21.44
   20.04        19.23
   19.63        18.97
   19.82        19.02
   22.59        21.33
   20.51        19.72
   20.94        20.07
   20.26        19.40
   23.50        22.05
   21.26        20.34
   17.76        16.99
   22.42        21.36
   21.42        20.37
   19.59        18.92
   20.84        19.99
   24.22        22.73
   21.89        20.89
   19.05        18.48
   20.17        19.46
   20.59        19.74
   18.07        17.50
   21.24        20.31
   14.18        13.15
   19.07        18.41
   19.15        18.53
   21.27        20.35
   19.29        18.67
   19.38        18.75
   18.21        17.68
   19.87        19.19
   17.80        17.16
   21.97        20.90
   21.02        20.15
   18.70        18.15
   20.57        19.78
   19.70        18.76
   20.56        19.74
   24.42        23.00
   19.73        19.06
   19.39        18.78
   14.89        14.12
   20.25        19.49
   19.16        18.53
   20.69        19.72
   21.05        20.20
   21.27        20.32
   20.41        19.65
   23.22        21.96
   17.96        17.37
   24.18        22.69
   22.08        20.97
   20.40        19.61
   22.26        21.24
   21.52        20.65
   22.64        21.43
   15.36        14.41
   19.46        18.79
   17.87        17.30
   21.69        20.71
   14.44        13.29
   19.09        18.48
   20.22        19.45
   22.33        21.21
   19.02        18.42
   20.83        19.90
   21.60        20.67
   20.22        19.45
   22.49        21.22
   21.60        20.61
   20.14        19.37
   21.63        20.58
   20.32        19.50
   22.70        21.41
   20.48        19.70
   21.80        20.82
   22.84        20.89
   18.55        17.93
   22.03        20.95
   18.72        18.15
   23.09        21.83
   18.77        18.23
   18.26        17.69
   23.05        21.86
   20.90        20.02
   25.36        23.68
   19.29        18.66
   19.30        18.67
   19.76        18.90
   22.78        21.60
   20.40        19.52
   22.31        21.26
   24.45        22.83
   16.21        15.33
   20.14        19.41
   19.11        18.52
   17.41        16.93
   21.67        20.60
   20.31        19.53
   18.31        17.75
   17.67        17.09
   22.07        21.08
   18.50        17.92
   20.57        19.76
   20.44        19.68
   24.34        22.77
   22.53        21.40
   19.96        19.20
   18.52        17.93
   19.85        19.08
   18.38        17.81
   18.97        18.37
   17.86        17.26
   16.92        16.10
   18.31        17.72
   20.01        19.30
   19.67        19.03
   17.84        17.21
   19.05        18.46
   22.94        21.61
   20.92        19.94
   23.50        22.12
   17.91        17.34
   20.68        19.84
   19.13        18.54
   23.60        22.36
   17.72        16.94
   22.41        21.33
   19.35        18.75
   23.27        21.88
   18.40        17.83
   18.25        17.71
   19.26        18.47
   18.34        17.78
   18.37        17.83
   17.78        16.97
   18.01        17.45
   18.30        17.70
   22.51        21.34
   22.34        21.28
   21.65        20.65
   21.91        20.96
   20.02        19.30
   19.52        18.87
   22.41        21.27
   21.14        20.29
   18.59        18.03
   18.87        18.25
   18.94        18.31
   20.38        19.55
   18.82        18.18
   18.44        17.87
   19.63        18.94
   20.68        19.82
   21.48        20.52
   18.16        17.61
   20.38        19.63
   17.86        17.30
   22.00        20.95
   19.12        18.50
   18.92        18.35
   18.26        17.65
   19.73        19.03
   18.59        18.06
   20.11        19.33
   18.75        17.95
   19.99        19.12
   17.89        17.18
   18.49        17.94
   17.96        17.40
   19.48        18.80
   20.65        19.90
   17.29        16.52
   20.99        20.16
   20.93        20.02
   20.57        19.67
   20.59        19.76
   20.98        20.14
   20.48        19.67
   18.24        17.69
   20.22        19.42
   21.85        20.80
   21.14        20.28
   19.31        18.65
   17.88        17.28
   21.77        20.76
   17.61        17.03
   15.41        14.49
   18.61        18.05
   17.98        17.36
   18.85        18.22
   20.96        20.13
   20.40        19.57
   19.90        19.18
   18.80        18.18
   18.67        17.94
   19.25        18.61
   21.05        20.11
   19.17        18.49
   20.74        19.86
   22.47        21.28
   19.24        18.61
   20.21        19.41
   19.99        19.25
   18.01        17.46
   20.13        19.31
   17.91        17.32
   19.56        18.67
   20.39        19.61
   19.91        19.27
   19.99        19.21
   19.79        18.94
   20.51        19.77
   20.94        19.94
   21.92        20.98
   19.25        18.64
   20.33        19.53
   17.60        16.82
   24.90        23.32
   23.17        21.88
   21.69        20.51
   20.16        19.42
   19.66        19.01
   18.51        17.95
   23.00        21.72
   18.15        17.59
   19.65        18.93
   24.61        23.10
   20.64        19.84
   17.88        17.20
   19.67        18.96
   19.20        18.52
   20.02        19.22
   21.16        20.28
   19.25        18.62
   18.11        17.52
   20.42        19.66
   17.97        17.42
   20.25        19.57
   20.51        19.64
   18.62        18.04
   24.24        22.65
   18.59        18.03
   22.14        21.02
   15.61        14.68
   23.26        21.89
   19.84        18.98
   19.39        18.75
   16.37        15.51
   21.07        20.25
   19.26        18.72
   19.34        18.71
   17.73        17.14
   19.41        18.85
   20.30        19.55
   19.66        19.00
   22.39        21.24
   22.60        21.41
   22.33        21.07
   23.69        22.40
   17.96        17.39
   18.73        18.12
   21.88        20.80
   18.79        18.22
   23.94        22.62
   19.71        18.99
   23.49        22.17
   20.14        19.36
   19.68        18.90
   18.14        17.59
   17.08        16.28
   17.24        16.42
   18.80        18.20
   17.93        17.37
   19.46        18.81
   22.38        21.21
   22.32        21.24
   19.68        18.92
   18.94        18.29
   20.85        20.05
   17.67        17.07
   21.46        20.47
   19.49        18.83
   19.05        18.44
   18.62        18.02
   20.84        19.93
   18.06        17.48
   22.37        21.19
   21.44        20.55
   18.44        17.94
   14.72        13.90
   21.06        20.14
   20.80        19.99
   19.92        19.19
   23.39        22.00
   19.72        19.03
   19.29        18.66
   17.70        17.09
   19.16        18.53
   22.15        21.08
   19.68        18.95
   18.48        17.91
   20.43        19.64
   18.39        17.76
   19.81        19.15
   19.36        18.82
   19.09        18.43
   23.11        21.76
   21.39        20.48
   19.06        18.48
   18.61        18.00
   18.47        17.90
   24.21        22.67
   17.81        17.19
   20.34        19.57
   19.94        19.17
   20.32        19.61
   19.64        18.93
   17.88        17.15
   19.28        18.66
   21.83        20.84
   18.29        17.72
   19.05        18.45
   19.47        18.80
   18.99        18.38
   22.45        21.34
   20.01        19.36
   18.31        17.76
   20.12        19.37
   20.00        19.27
   19.65        18.94
   20.65        19.84
   19.29        18.55
   18.77        18.20
   18.51        17.90
   19.25        18.63
   24.16        22.70
   19.21        18.59
   18.90        18.21
   20.33        19.53
   17.98        17.41
   18.89        18.23
   20.04        19.32
   18.71        18.03
   18.70        18.14
   23.14        21.90
   22.45        21.34
   20.43        19.64
   21.61        20.61
   21.51        20.64
   19.43        18.77
   18.33        17.75
   22.82        21.49
   18.78        18.15
   19.29        18.68
   21.74        20.81
   18.07        17.49
   17.84        17.25
   18.04        17.48
   19.83        18.97
   17.95        17.40
   18.57        17.87
   18.17        17.60
   19.48        18.85
   20.26        19.38
   24.68        23.20
   17.92        17.34
   18.01        17.43
   22.64        21.43
   18.74        17.94
   18.59        18.00
   18.39        17.83
   19.58        18.91
   18.02        17.45
   20.02        19.37
   17.31        16.47
   19.45        18.82
   19.72        19.02
   20.41        19.63
   19.85        19.17
   19.11        18.42
   19.92        19.02
   17.62        16.92
   22.92        21.61
   17.87        17.29
   23.28        22.04
   18.79        18.14
   22.49        21.38
   19.12        18.49
   14.90        14.10
   19.66        18.93
   20.66        19.86
   18.40        17.85
   17.65        17.08
   21.50        20.56
   19.15        18.55
   19.60        18.95
   19.51        18.75
   20.12        19.37
   17.72        17.11
   20.39        19.60
   18.04        17.47
   17.85        17.27
   17.98        17.38
   19.03        18.43
   17.95        17.36
   18.37        17.77
   19.96        19.16
   21.69        20.78
   20.76        19.74
   20.18        19.40
   24.57        23.16
   20.12        19.40
   20.32        19.49
   20.23        19.50
   18.84        18.26
   21.03        20.15
   19.92        19.18
   21.81        20.79
   18.44        17.81
   20.90        19.91
   20.59        19.78
   19.83        19.03
   22.62        21.40
   19.89        19.25
   18.77        18.12
   19.40        18.73
   17.76        17.19
   19.75        19.09
   14.81        14.02
   21.64        20.63
   18.84        18.24
   19.81        19.09
   17.38        16.57
   17.95        17.34
   16.48        15.88
   19.18        18.56
   20.35        19.55
   19.19        18.59
   20.85        20.06
   18.49        17.91
   22.93        21.66
   19.38        18.78
   18.01        17.43
   18.08        17.45
   22.33        21.27
   24.89        23.01
   21.17        20.34
   18.05        17.46
   23.04        21.70
   23.32        21.99
   21.19        20.32
   19.64        18.96
   17.36        16.76
   18.73        18.11
   18.29        17.69
   19.79        19.05
   19.36        18.78
   19.20        18.58
   19.99        19.30
   18.91        18.31
   15.04        14.01
   23.89        22.59
   18.28        17.71
   19.61        18.76
   18.01        17.46
   18.77        18.19
   17.60        16.85
   19.31        18.65
   20.39        19.49
   18.59        17.98
   17.89        17.20
   20.69        19.90
   19.81        19.06
   19.06        18.39
   22.04        21.08
   20.14        19.42
   18.79        18.21
   16.57        15.72
   18.85        18.13
   22.25        21.05
   18.73        17.98
   18.71        18.13
   18.65        17.95
   22.96        21.71
   18.10        17.54
   17.56        16.91
   17.83        17.17
   20.10        19.37
   21.62        20.60
   20.58        19.75
   19.86        19.15
   17.77        17.24
   20.91        20.05
   18.49        17.91
   22.42        21.25
   21.30        20.36
   19.72        18.98
   17.65        17.06
   19.11        18.49
   22.38        21.15
   18.64        17.95
   21.65        20.72
   20.63        19.78
   20.36        19.59
   19.42        18.73
   23.88        22.40
   18.86        18.28
   18.10        17.57
   18.17        17.63
   23.44        22.16
   20.94        20.13
   18.05        17.52
   17.95        17.41
   19.10        18.50
   14.42        13.53
   18.15        17.61
   17.67        17.08
   19.95        19.28
   20.02        19.23
   20.18        19.28
   19.33        18.73
   18.97        18.27
   24.80        23.14
   22.34        21.16
   18.10        17.54
   25.28        23.67
   20.66        19.94
   18.62        18.07
   19.06        18.47
   17.72        17.15
   18.83        18.27
   19.28        18.63
   19.40        18.70
   21.67        20.60
   15.47        14.52
   19.99        19.29
   18.26        17.74
   17.62        17.02
   19.28        18.65
   17.52        17.16
   16.88        16.32
   19.12        18.47
   21.17        20.30
   19.06        18.31
   17.59        17.03
   17.96        17.38
   21.98        20.93
   21.50        20.57
   22.74        21.51
   20.69        19.92
   14.63        13.93
   18.92        18.26
   17.16        16.34
   19.35        18.71
   18.90        18.29
   18.51        17.94
   19.62        18.92
   18.81        18.25
   20.06        19.38
   21.65        20.62
   18.98        18.37
   21.22        20.26
   16.95        16.16
   20.04        19.25
   22.58        21.39
   17.89        17.31
   20.82        19.95
   22.13        21.14
   20.65        19.84
   20.16        19.41
   19.11        18.33
   22.79        21.58
   18.96        18.14
   18.23        17.64
   25.44        23.57
   23.66        22.38
   17.46        16.84
   23.28        22.07
   16.12        15.35
   21.11        20.27
   20.27        19.51
   20.08        19.31
   21.29        20.34
   17.14        16.32
   17.95        17.48
   18.50        17.93
   22.25        21.14
   23.30        22.00
   21.55        20.57
   21.59        20.59
   14.93        14.10
   17.11        16.56
   19.10        18.45
   20.85        20.02
   21.10        20.19
   19.05        18.37
   18.40        17.84
   22.86        21.59
   18.29        17.68
   17.58        16.76
   24.19        22.81
   17.64        17.00
   23.65        22.31
   18.48        17.89
   21.94        20.99
   18.68        18.10
   22.92        21.67
   17.58        16.97
   18.39        17.74
   19.57        18.84
   23.81        22.36
   18.15        17.62
   18.55        17.98
   18.10        17.56
   22.65        21.48
   21.21        20.26
   20.75        19.97
   18.84        18.21
   21.05        20.19
   20.52        19.71
   19.30        18.78
   17.42        16.88
   17.15        16.60
   18.43        17.94
   19.52        18.87
   20.13        19.41
   18.75        18.12
   19.29        18.67
   17.30        16.76
   17.55        16.95
   21.83        20.81
   20.01        19.30
   17.26        16.51
   17.68        17.11
   17.89        17.28
   19.96        19.36
   18.66        18.08
   17.12        16.50
   21.01        20.00
   20.09        19.20
   17.31        16.70
   21.10        20.18
   21.74        20.72
   19.48        18.73
   18.75        18.20
   19.49        18.86
   17.92        17.36
   19.78        19.10
   16.88        16.31
   21.06        20.22
   18.46        17.87
   17.64        16.87
   19.46        18.77
   18.29        17.71
   21.24        20.39
   21.01        20.05
   19.82        19.08
   21.21        20.31
   18.91        18.22
   22.45        21.14
   18.66        18.11
   21.17        20.18
   17.71        17.14
   19.40        18.73
   17.28        16.90
   20.26        19.35
   20.65        19.85
   19.28        18.62
   17.91        17.36
   14.13        13.11
   18.27        17.70
   17.97        17.43
   15.16        14.31
   17.78        17.19
   18.12        17.57
   18.74        18.19
   18.05        17.48
   20.26        19.49
   19.63        18.96
   16.81        16.15
   19.68        18.96
   17.61        16.83
   18.75        18.18
   18.71        18.17
   22.01        20.96
   19.84        19.10
   22.52        21.27
   24.26        22.76
   18.25        17.66
   18.37        17.85
   19.12        18.52
   15.75        14.93
   17.85        17.29
   18.55        18.02
   19.13        18.43
   15.24        14.36
   19.96        19.16
   25.38        23.50
   17.76        17.22
   19.53        18.72
   18.50        17.96
   16.84        16.11
   16.94        16.41
   16.59        15.98
   19.15        18.55
   18.89        18.31
   21.45        20.46
   19.54        18.90
   19.56        18.82
   18.51        17.90
   19.19        18.55
   19.10        18.46
   19.39        18.65
   18.50        17.91
   21.32        20.24
   18.08        17.47
   20.00        19.25
   14.86        14.03
   25.78        24.00
   18.47        17.83
   21.69        20.71
   16.58        15.96
   18.70        18.10
   17.43        16.86
   19.36        18.72
   20.47        19.61
   19.59        18.90
   17.60        17.06
   17.99        17.34
   23.49        22.08
   20.40        19.58
   18.60        18.02
   17.11        16.35
   21.42        20.53
   19.00        18.39
   15.54        14.73
   20.40        19.62
   19.70        19.00
   20.81        19.99
   18.57        18.02
   13.68        12.34
   23.03        21.70
   18.81        18.12
   17.18        16.60
   19.52        18.86
   17.56        17.01
   22.38        21.17
   19.20        18.65
   18.72        18.14
   17.49        16.90
   20.84        20.02
   17.08        16.53
   19.98        19.26
   21.50        20.47
   20.61        19.83
   15.33        14.53
   19.75        19.02
   20.24        19.38
   18.14        17.58
   19.15        18.50
   22.14        21.16
   20.10        19.08
   21.24        20.42
   17.42        16.85
   20.65        19.88
   17.88        17.22
   18.20        17.57
   19.46        18.82
   19.75        19.08
   20.33        19.57
   14.76        14.02
   18.27        17.73
   21.53        20.60
   19.07        18.34
   14.81        14.01
   23.56        21.92
   19.01        18.35
   15.03        14.19
   16.16        15.41
   19.35        18.71
   20.38        19.49
   15.72        15.22
   24.11        22.79
   23.40        22.05
   17.97        17.38
   17.15        16.56
   20.62        19.80
   20.32        19.52
   19.34        18.68
   17.85        17.12
   15.10        14.28
   20.70        19.81
   16.93        16.37
   17.77        17.13
   18.19        17.61
   22.46        21.30
   18.79        18.24
   18.47        17.90
   24.48        23.06
   20.74        19.92
   23.52        22.03
   19.40        18.76
   21.20        20.28
   20.13        19.39
   16.35        15.56
   23.52        22.21
   21.57        20.60
   20.67        19.92
   18.01        17.49
   16.11        15.59
   19.85        19.19
   22.19        20.80
   18.98        18.56
   18.31        17.74
   20.56        19.67
   16.60        16.16
   16.42        15.61
   19.82        19.04
   16.58        15.91
   22.56        21.43
   21.11        20.19
   18.91        18.31
   14.64        13.88
   18.95        18.35
   18.41        17.70
   13.80        12.67
   24.01        22.42
   21.59        19.93
   16.94        16.43
   14.58        13.69
   14.16        13.00
   19.82        19.03
   20.65        19.83
   22.99        21.78
   23.20        21.39
   14.18        13.56
   18.31        17.73
   18.14        17.54
   22.11        20.97
   18.83        18.24
   18.34        17.74
   14.87        14.07
   18.61        18.02
   23.03        21.68
   17.04        16.54
   20.17        19.46
   17.41        16.81
   18.34        17.79
   20.93        19.90
   17.04        16.35
   20.01        19.25
   21.14        20.19
   23.42        22.01
   17.80        17.03
   21.13        20.22
   16.91        16.14
   20.37        19.59
   20.39        19.63
   19.35        18.69
   16.87        16.37
   18.55        17.37
   18.57        17.97
   24.51        22.83
   17.11        16.40
   19.91        19.21
   23.36        21.96
   21.13        20.23
   14.01        13.23
   24.52        22.67
   20.64        19.89
   17.42        16.92
   19.39        18.70
   21.85        20.86
   19.20        18.65
   20.68        19.80
   16.66        16.05
   18.92        18.28
   24.93        23.31
   14.87        14.06
   19.87        19.17
   20.00        19.16
   22.86        21.66
   17.42        16.89
   21.39        20.55
   16.52        15.87
   20.01        19.22
   14.66        14.07
   19.08        18.35
   18.67        18.09
   18.36        17.79
   20.80        19.93
   17.49        16.84
   17.19        16.65
   17.52        16.95
   14.12        13.29
   18.05        17.47
   20.95        20.10
   18.61        18.04
   14.46        13.83
   20.16        19.27
   20.30        19.52
   18.97        18.32
   22.48        21.40
   16.40        15.78
   18.36        17.62
   20.20        19.41
   20.07        19.26
   18.91        18.34
   20.12        19.39
   17.86        17.28
   17.17        16.40
   19.56        18.89
   18.32        17.84
   14.85        14.04
   16.79        16.28
   14.58        13.82
   22.00        20.95
   17.99        17.46
   20.07        19.26
   14.86        14.05
   22.56        21.45
   17.62        16.85
   17.49        17.00
   21.38        20.41
   15.64        14.70
   18.76        18.18
   17.84        17.25
   18.89        18.26
   20.86        20.00
   21.78        20.81
   19.65        18.87
   14.45        13.29
   15.20        14.28
   18.06        17.46
   15.34        14.55
   16.42        15.69
   19.95        19.12
   19.32        18.69
   17.87        17.31
   20.03        19.29
   21.09        20.19
   17.56        16.77
   14.49        13.54
   18.65        18.12
   17.67        17.06
   23.70        22.37
   18.47        17.88
   17.61        16.82
   19.38        18.61
   19.65        18.94
   24.26        22.78
   20.65        19.81
   18.43        17.82
   16.21        15.63
   25.03        23.34
   24.47        22.87
   23.62        22.29
   17.09        16.44
   18.42        17.75
   19.42        18.75
   13.78        12.49
   19.71        19.02
   17.31        16.67
   18.32        17.83
   20.50        19.74
   25.15        23.20
   19.13        18.49
   16.32        15.81
   17.15        16.61
   16.11        15.50
   18.07        17.51
   19.67        18.99
   19.41        18.64
   20.11        19.38
   20.71        19.92
   15.72        15.29
   18.47        17.89
   17.88        17.34
   24.89        23.11
   20.12        19.35
   17.75        17.15
   17.88        17.29
   19.20        18.48
   14.91        14.37
   16.02        15.15
   17.92        17.33
   22.27        21.12
   18.21        17.65
   17.87        17.18
   18.67        18.11
   17.09        16.53
   18.52        17.97
   13.70        12.72
   18.80        18.14
   15.59        15.00
   20.04        19.14
   14.36        13.20
   16.04        15.22
   20.59        19.77
   15.42        14.51
   16.17        15.52
   13.81        12.84
   15.06        14.23
   19.68        18.99
   18.79        18.21
   17.67        17.07
   19.33        18.71
   23.06        21.59
   17.96        17.45
   17.02        16.41
   16.86        16.15
   24.30        22.71
   15.88        14.96
   17.91        17.34
   19.45        18.81
   18.47        17.89
   17.28        16.72
   17.18        16.77
   17.13        16.38
   18.90        18.29
   20.12        19.31
   18.46        17.89
   20.37        19.57
   18.52        17.94
   20.76        19.85
   21.05        20.19
   17.67        17.17
   20.24        19.38
   21.04        20.22
   20.04        19.27
   15.93        15.37
   22.83        21.44
   20.60        19.78
   22.31        21.17
   17.49        16.95
   18.05        17.50
   18.23        17.68
   18.93        18.39
   18.83        18.30
   20.28        19.56
   20.36        19.52
   17.29        16.75
   19.02        18.43
   16.56        16.06
   17.75        17.26
   20.38        19.59
   17.90        17.52
   19.20        18.54
   16.81        16.23
   16.42        15.76
   23.85        22.45
   21.17        20.28
   19.54        18.90
   22.62        21.34
   17.92        17.34
   18.44        17.83
   19.53        18.85
   19.36        18.74
   14.57        13.88
   17.41        16.75
   19.44        18.80
   18.75        18.17
   16.00        15.35
   18.66        17.92
   18.79        18.18
   17.82        17.23
   19.31        18.68
   16.95        16.43
   18.25        17.68
   19.27        18.55
   19.77        19.12
   14.94        14.10
   20.24        19.48
   21.00        20.23
   15.90        15.17
   18.54        17.99
   21.69        20.60
   14.14        13.07
   24.64        23.07
   17.42        16.83
   17.92        17.33
   18.23        17.66
   17.80        17.15
   19.25        18.61
   18.79        18.34
   17.42        16.68
   17.94        17.35
   18.68        18.08
   18.12        17.55
   18.04        17.49
   20.75        19.91
   21.33        20.40
   17.44        16.72
   19.95        19.28
   19.72        19.06
   24.23        22.82
   20.15        19.42
   18.29        17.74
   17.83        17.18
   21.42        20.48
   16.62        15.77
   18.38        17.78
   20.90        20.08
   18.57        17.91
   21.13        20.23
   17.84        17.23
   18.70        18.08
   17.65        17.02
   23.43        22.13
   18.15        17.59
   16.43        15.86
   19.39        18.69
   20.09        19.38
   15.42        14.52
   17.06        16.48
   18.34        17.70
   19.14        18.53
   18.79        18.17
   16.87        16.06
   18.70        18.12
   20.35        19.55
   18.84        18.22
   23.72        22.42
   20.53        19.59
   18.98        18.31
   20.53        19.83
   17.24        16.78
   18.85        18.28
   19.29        18.69
   21.16        20.22
   18.10        17.52
   17.67        17.09
   17.96        17.39
   17.88        17.32
   18.83        18.23
   18.90        18.34
   16.94        16.06
   17.83        17.22
   20.60        19.79
   17.67        17.11
   15.82        15.07
   18.39        17.84
   18.96        18.34
   19.51        18.76
   18.20        17.63
   16.95        16.38
   21.19        20.27
   23.06        21.82
   17.86        17.18
   23.02        21.83
   17.43        16.80
   21.14        20.21
   14.77        13.97
   19.52        18.84
   17.55        17.05
   15.76        14.82
   19.14        18.41
   20.53        19.68
   20.85        20.07
   18.74        18.16
   18.13        16.91
   19.44        18.78
   17.86        17.26
   19.16        18.56
   19.20        18.53
   18.31        17.65
   19.64        18.84
   18.41        17.82
   18.79        18.22
   17.60        16.78
   18.72        18.13
   18.75        18.04
   19.56        18.82
   17.77        17.12
   19.82        19.23
   17.83        17.18
   17.33        16.77
   17.50        16.92
   21.37        20.45
   16.79        16.31
   22.65        21.33
   20.91        20.05
   19.05        18.40
   14.73        13.84
   17.74        17.17
   17.74        16.97
   20.52        19.69
   17.64        17.03
   18.79        18.23
   19.66        18.98
   17.60        16.91
   18.07        17.39
   19.78        19.07
   21.32        20.37
   14.90        13.90
   18.72        18.17
   21.33        20.27
   18.55        17.98
   20.88        20.09
   19.83        19.13
   18.02        17.45
   19.20        18.60
   14.91        13.93
   21.42        20.51
   19.08        18.41
   18.51        17.92
   20.82        19.94
   18.93        18.30
   17.57        17.01
   17.84        17.24
   22.43        21.34
   22.42        21.25
   18.47        17.85
   17.37        16.62
   18.83        18.17
   19.16        18.52
   18.81        18.11
   17.95        17.40
   17.80        17.13
   17.86        17.18
   17.04        16.40
   19.45        18.73
   19.09        18.36
   24.71        23.11
   25.31        23.71
   22.07        20.98
   23.53        22.11
   19.17        18.55
   21.18        20.21
   23.91        22.39
   19.74        19.08
   17.67        17.06
   19.59        18.90
   18.61        18.01
   22.46        21.35
   17.98        17.34
   20.08        19.37
   21.41        20.51
   18.82        18.21
   18.60        18.04
   18.84        18.23
   17.81        17.27
   20.39        19.60
   17.08        16.50
   18.35        17.67
   19.28        18.66
   17.22        16.48
   18.35        17.80
   22.42        21.32
   18.67        18.09
   19.86        19.11
   20.10        19.34
   18.44        17.87
   19.67        18.88
   19.33        18.73
   19.67        19.00
   19.55        18.86
   23.71        22.25
   19.93        19.11
   19.12        18.49
   18.05        17.50
   22.28        21.16
   21.79        20.77
   19.15        18.50
   20.12        19.42
   17.84        17.28
   18.22        17.65
   19.03        18.35
   20.48        19.68
   20.17        19.49
   19.29        18.69
   22.37        21.23
   18.20        17.65
   24.19        22.69
   18.84        18.25
   17.78        17.22
   20.60        19.79
   14.99        14.13
   21.00        20.22
   18.54        17.96
   17.44        16.91
   18.72        18.12
   19.17        18.55
   17.08        16.34
   19.40        18.69
   19.59        18.93
   18.08        17.53
   19.34        18.72
   17.83        17.26
   18.73        18.17
   23.10        21.82
   21.10        20.23
   18.92        18.33
   20.52        19.78
   19.66        19.04
   18.86        18.13
   19.22        18.62
   18.13        17.59
   21.36        20.44
   22.94        21.68
   22.58        21.33
   19.23        18.69
   25.11        23.46
   18.17        17.59
   18.18        17.61
   17.91        17.33
   18.54        17.81
   17.44        16.88
   18.21        17.64
   22.18        21.09
   19.08        18.44
   17.91        17.33
   20.65        19.78
   19.63        18.81
   18.64        18.06
   17.89        17.31
   17.31        16.50
   19.83        19.09
   19.01        18.41
   20.24        19.49
   21.93        20.96
   18.28        17.68
   17.58        16.82
   16.64        15.93
   17.97        17.39
   19.22        18.50
   21.13        20.22
   17.89        17.19
   20.17        19.52
   18.34        17.71
   18.65        18.08
   19.58        18.96
   18.01        17.39
   18.13        17.60
   20.36        19.59
   17.91        17.27
   18.36        17.79
   19.64        18.87
   22.09        20.97
   21.10        20.24
   23.21        21.77
   17.87        17.30
   20.18        19.40
   18.77        18.06
   19.35        18.57
   18.26        17.72
   21.36        20.49
   22.29        21.21
   18.16        17.58
   19.82        19.11
   18.53        17.95
   22.50        21.37
   19.36        18.71
   25.81        24.07
   19.15        18.51
   20.80        19.98
   18.33        17.76
   19.46        18.83
   17.15        16.33
   21.41        20.46
   21.62        20.52
   18.47        17.94
   21.54        20.58
   20.40        19.65
   17.80        17.23
   17.62        17.04
   24.20        22.73
   18.50        17.88
   21.04        20.16
   18.60        17.89
   21.83        20.77
   21.31        20.38
   17.50        16.69
   20.68        19.82
   18.94        18.35
   21.73        20.71
   21.03        20.02
   20.34        19.47
   20.02        19.11
   19.41        18.52
   19.39        18.78
   17.69        17.11
   20.15        19.29
   17.70        17.16
   20.80        19.92
   17.95        17.39
   17.84        17.26
   18.05        17.52
   20.74        19.93
   21.63        20.60
   18.57        18.01
   20.57        19.77
   20.03        19.41
   19.30        18.60
   18.70        18.11
   24.34        22.82
   17.98        17.43
   23.33        21.89
   22.08        21.11
   19.46        18.92
   17.94        17.33
   16.17        15.32
   19.86        19.08
   18.67        18.11
   17.86        17.31
   21.23        20.31
   23.90        22.33
   17.70        16.95
   20.44        19.50
   19.95        19.00
   19.47        18.82
   17.52        16.87
   17.92        17.33
   18.59        18.05
   19.84        19.16
   21.72        20.82
   18.17        17.60
   22.16        21.07
   20.91        19.92
   20.49        19.76
   21.03        20.14
   20.79        19.84
   23.11        21.84
   18.28        17.72
   21.67        20.68
   17.86        17.23
   21.02        20.01
   21.27        20.36
   19.77        19.07
   18.70        18.06
   18.15        17.58
   19.24        18.60
   17.87        17.16
   19.56        18.75
   18.20        17.68
   18.46        17.88
   19.99        19.27
   18.97        18.35
   14.47        13.49
   17.79        17.15
   14.06        12.78
   19.83        19.10
   22.09        20.92
   17.69        17.15
   19.40        18.76
   21.09        19.88
   18.91        18.31
   20.30        19.58
   19.27        18.64
   23.89        22.56
   21.43        20.50
   18.03        17.49
   17.93        17.25
   22.41        21.11
   22.41        21.13
   25.39        23.72
   21.37        20.41
   18.99        18.33
   18.52        17.98
   18.04        17.46
   22.88        21.63
   19.26        18.60
   19.07        18.47
   18.04        17.50
   19.26        18.51
   20.55        19.65
   18.83        18.30
   20.88        20.03
   18.97        18.28
   21.12        20.20
   18.94        18.27
   21.94        20.88
   19.94        19.21
   21.46        20.57
   17.78        17.18
   17.95        17.40
   20.68        19.93
   17.96        17.38
   20.73        19.92
   19.52        18.80
   23.64        22.19
   20.02        19.30
   19.38        18.70
   17.67        17.01
   20.24        19.51
   20.35        19.53
   22.57        21.38
   23.32        21.97
   18.76        18.19
   19.78        19.04
   19.88        19.11
   17.43        16.82
   17.78        17.21
   21.02        20.02
   18.04        17.49
   21.12        20.23
   20.07        19.28
   14.83        14.03
   21.74        20.78
   19.50        18.90
   19.25        18.65
   20.01        19.21
   18.99        18.31
   19.90        19.20
   21.81        20.82
   19.68        18.98
   16.75        15.93
   18.48        17.93
   19.81        19.12
   20.76        19.90
   20.68        19.92
   24.55        23.09
   18.97        18.35
   19.75        18.96
   20.09        19.38
   20.36        19.59
   19.27        18.61
   18.25        17.62
   18.79        18.22
   19.52        18.88
   18.79        18.22
   17.85        17.24
   19.73        19.06
   19.61        18.92
   18.66        17.98
   17.02        16.20
   20.01        19.28
   22.95        21.67
   23.22        21.78
   20.11        19.34
   19.84        19.08
   19.58        18.94
   17.84        17.23
   18.66        18.07
   17.57        16.76
   19.37        18.65
   23.16        21.85
   20.35        19.57
   20.07        19.26
   19.89        19.17
   19.77        19.02
   18.79        18.25
   20.61        19.91
   21.90        20.87
   21.10        20.06
   22.92        21.61
   19.44        18.79
   18.74        18.16
   20.84        20.02
   21.64        20.75
   22.69        21.57
   19.52        18.81
   20.85        19.94
   16.82        15.98
   16.79        15.99
   19.52        18.87
   23.02        21.79
   19.87        19.21
   17.47        16.81
   19.29        18.64
   19.18        18.49
   18.74        18.16
   23.01        21.20
   20.35        19.62
   17.89        17.30
   20.26        19.50
   23.11        21.82
   21.67        20.72
   19.92        19.20
   21.16        20.28
   18.99        18.38
   19.59        18.89
   19.09        18.42
   24.50        23.08
   19.46        18.79
   18.35        17.72
   19.75        19.09
   17.72        16.95
   20.12        19.40
   17.28        16.46
   23.23        22.00
   19.11        18.49
   17.88        17.31
   20.00        19.25
   18.59        18.03
   19.43        18.68
   18.35        17.78
   23.23        21.92
   18.78        18.06
   22.67        21.57
   19.39        18.63
   19.04        18.42
   20.06        19.36
   21.02        20.14
   19.98        19.24
   19.90        19.12
   18.55        17.99
   19.52        18.83
   25.35        23.53
   19.46        18.80
   20.37        19.56
   19.14        18.51
   19.62        18.93
   19.59        18.86
   18.08        17.61
   18.55        17.99
   20.58        19.66
   19.11        18.42
   18.49        17.90
   18.85        18.34
   21.53        20.65
   24.30        22.83
   16.72        15.88
   20.12        19.36
   23.19        21.85
   21.03        20.23
   18.11        17.53
   21.13        20.26
   19.71        19.00
   17.94        17.36
   22.32        21.16
   20.99        20.08
   20.37        19.61
   17.80        17.19
   19.00        18.36
   19.01        18.34
   20.41        19.58
   15.52        14.57
   18.36        17.72
   20.49        19.67
   18.77        18.12
   19.22        18.55
   20.26        19.35
   19.74        19.06
   22.19        21.07
   19.62        18.92
   19.45        18.82
   21.97        20.92
   20.81        19.95
   21.27        20.29
   20.48        19.67
   17.87        17.18
   21.72        20.77
   19.26        18.59
   19.26        18.59
   20.65        19.83
   20.53        19.72
   19.12        18.51
   19.43        18.80
   19.42        18.78
   18.81        18.22
   18.92        18.27
   19.71        19.01
   18.84        18.18
   19.56        18.96
   24.84        23.08
   19.54        18.87
   20.93        20.00
   17.92        17.37
   18.30        17.72
   18.56        17.98
   17.12        16.45
   19.56        18.89
   21.46        20.47
   20.67        19.71
   19.61        18.94
   18.63        18.06
   20.95        20.04
   19.99        19.26
   19.84        19.15
   20.54        19.75
   23.20        21.89
   20.57        19.80
   18.25        17.71
   21.62        20.64
   18.33        17.80
   20.51        19.65
   20.21        19.41
   19.59        18.92
   17.67        17.05
   24.22        22.75
   19.05        18.45
   14.88        14.08
   18.46        17.92
   21.35        20.42
   19.48        18.81
   20.76        20.03
   21.45        20.51
   18.08        17.52
   20.12        19.37
   18.13        17.58
   19.63        18.97
   18.30        17.72
   18.26        17.72
   21.51        20.55
   21.19        20.06
   18.84        18.25
   21.15        20.30
   19.85        19.03
   23.27        22.02
   19.23        18.59
   20.08        19.27
   20.57        19.69
   18.96        18.36
   23.74        22.42
   18.27        17.72
   22.17        21.18
   18.15        17.59
   24.64        23.03
   20.42        19.62
   18.10        17.54
   19.37        18.63
   19.57        18.92
   23.00        21.09
   19.42        18.76
   18.70        18.15
   20.54        19.75
   20.46        19.62
   20.29        19.59
   19.82        19.11
   16.98        16.18
   21.79        20.85
   18.14        17.56
   19.20        18.57
   19.34        18.69
   16.16        15.31
   24.16        22.64
   18.64        18.03
   20.71        19.96
   22.11        20.99
   18.85        18.23
   19.74        19.06
   20.17        19.44
   21.82        20.64
   18.74        18.18
   19.89        19.02
   20.00        19.18
   13.59        11.83
   20.16        19.33
   15.00        14.13
   22.23        21.20
   17.98        17.39
   20.10        19.35
   19.88        19.19
   18.78        18.16
   20.56        19.73
   24.68        23.10
   20.10        19.38
   21.13        20.22
   19.05        18.46
   20.10        19.35
   20.77        19.95
   21.51        20.60
   18.64        18.07
   18.80        18.22
   20.44        19.66
   19.07        18.48
   19.16        18.55
   19.80        19.11
   22.98        21.72
   21.97        20.88
   18.12        17.57
   19.91        19.17
   23.70        22.28
   19.39        18.75
   21.40        20.46
   18.62        18.05
   20.14        19.40
   14.21        13.12
   21.12        20.21
   20.33        19.55
   18.06        17.51
   18.92        18.32
   23.29        21.85
   21.81        20.77
   17.97        17.41
   19.37        18.74
   19.28        18.70
   23.88        22.30
   19.67        18.97
   24.61        22.71
   23.62        22.17
   19.55        18.90
   18.82        18.26
   20.24        19.42
   23.47        22.23
   19.96        19.22
   20.40        19.56
   20.80        19.96
   17.80        17.20
   20.50        19.70
   19.92        19.18
   22.22        21.08
   21.22        20.33
   18.06        17.50
   19.73        19.05
   25.64        23.95
   19.45        18.77
   17.83        17.16
   18.54        17.97
   20.98        20.16
   16.16        15.29
   21.22        20.29
   17.88        17.28
   20.22        19.47
   19.17        18.55
   20.48        19.62
   22.73        21.49
   18.43        17.72
   22.90        21.67
   19.82        19.11
   19.50        18.68
   17.69        17.03
   22.71        21.55
   19.49        18.83
   19.08        18.47
   20.36        19.52
   17.59        16.89
   23.24        21.95
   18.56        17.99
   22.89        21.58
   22.75        21.61
   19.67        18.99
   20.62        19.80
   20.25        19.46
   20.62        19.78
   22.09        21.04
   18.85        18.23
   21.11        20.15
   19.90        19.22
   22.90        21.62
   25.78        23.87
   22.58        21.39
   22.99        21.75
   21.59        20.61
   20.20        19.36
   19.16        18.50
   15.18        14.16
   20.60        19.47
   18.08        17.54
   21.86        20.91
   17.48        16.68
   22.59        21.34
   19.10        18.48
   18.74        18.09
   22.17        21.08
   20.55        19.74
   17.85        17.25
   20.76        19.86
   18.72        18.16
   20.25        19.48
   19.67        19.02
   25.56        23.57
   17.58        17.01
   18.80        18.16
   18.32        17.77
   19.65        18.95
   23.08        21.86
   19.08        18.49
   20.22        19.51
   22.42        21.27
   19.77        19.09
   19.89        19.05
   20.02        19.29
   21.24        20.39
   18.15        17.59
   19.12        18.53
   24.65        23.23
   20.24        19.50
   18.38        17.81
   13.38        11.71
   18.85        18.28
   19.21        18.59
   18.54        17.98
   21.19        20.32
   18.68        18.02
   16.10        15.21
   20.33        19.52
   21.92        20.95
   21.01        20.11
   17.04        16.23
   21.26        20.33
   23.28        21.97
   20.41        19.62
   20.97        20.11
   18.81        18.22
   19.02        18.42
   19.33        18.71
   19.19        18.55
   18.55        17.94
   20.36        19.61
   19.54        18.92
   20.81        20.03
   20.91        20.13
   20.15        19.37
   20.02        19.27
   22.83        21.62
   24.68        23.23
   18.80        18.20
   20.30        19.56
   19.37        18.73
   20.52        19.73
   17.87        17.20
   18.49        17.87
   20.09        19.39
   19.94        19.21
   21.17        20.33
   18.65        18.01
   23.79        22.33
   23.82        22.50
   19.67        19.04
   19.18        18.56
   18.95        18.30
   19.24        18.63
   18.28        17.72
   23.09        21.69
   20.61        19.68
   20.80        19.98
   19.03        18.43
   20.38        19.57
   21.05        20.24
   21.35        20.38
   20.82        19.98
   22.26        21.17
   17.74        17.18
   20.81        19.98
   20.50        19.75
   19.59        18.91
   23.48        22.19
   24.87        23.15
   20.26        19.54
   18.86        18.29
   19.76        19.08
   22.42        21.35
   19.34        18.72
   20.19        19.34
   18.15        17.56
   20.69        19.82
   22.72        21.53
   19.16        18.53
   18.64        18.08
   19.71        18.90
   18.71        18.09
   14.77        13.93
   20.79        19.92
   23.90        22.57
   21.20        20.29
   21.14        20.23
   19.42        18.77
   20.73        19.89
   19.89        19.17
   18.58        18.01
   18.28        17.73
   20.43        19.66
   20.86        20.04
   19.29        18.61
   18.19        17.66
   22.55        21.32
   18.22        17.69
   19.75        19.03
   19.50        18.87
   18.33        17.75
   18.42        17.86
   19.33        18.68
   18.94        18.35
   19.69        19.01
   19.96        19.26
   21.06        20.16
   21.81        20.88
   24.55        22.72
   18.60        18.01
   20.31        19.56
   20.32        19.54
   23.24        21.83
   21.69        20.57
   19.40        18.74
   22.95        21.32
   21.39        20.32
   23.60        22.21
   20.05        19.34
   24.97        23.33
   23.51        21.67
   21.48        20.47
   21.98        20.82
   23.78        22.43
   19.55        18.89
   24.81        23.17
   20.78        19.93
   20.57        19.71
   23.33        22.03
   22.77        21.41
   17.14        16.33
   18.45        17.86
   21.91        20.94
   23.04        21.77
   18.90        18.18
   18.42        17.85
   19.49        18.77
   21.78        20.81
   23.71        22.34
   20.00        19.18
   20.26        19.51
   22.82        21.66
   21.14        20.27
   20.53        19.72
   24.20        22.62
   21.32        20.39
   22.87        21.58
   19.21        18.61
   18.91        18.35
   20.44        19.62
   22.75        21.53
   19.16        18.52
   24.81        23.11
   22.81        21.57
   24.26        22.72
   18.88        18.28
   22.57        21.41
   20.59        19.83
   22.23        20.94
   21.16        20.29
   21.00        20.11
   19.86        19.17
   21.73        20.76
   20.63        19.85
   20.76        19.93
   19.68        18.97
   24.33        22.76
   21.56        20.25
   21.66        20.72
   17.62        16.82
   22.22        21.20
   18.81        18.13
   20.57        19.69
   22.86        21.56
   18.31        17.76
   21.19        20.24
   25.84        23.10
   22.44        21.21
   23.92        22.54
   19.47        18.81
   17.86        17.28
   19.13        18.55
   19.17        18.58
   20.42        19.65
   20.83        20.04
   20.69        19.86
   19.14        18.53
   19.57        18.86
   22.02        21.01
   18.30        17.80
   23.28        21.78
   17.83        17.24
   20.18        19.41
   23.76        22.34
   21.84        20.86
   21.73        20.74
   18.21        17.67
   20.78        19.97
   20.55        19.71
   13.96        12.82
   17.99        17.42
   20.11        19.41
   18.90        18.32
   22.67        21.45
   19.29        18.66
   19.10        18.49
   17.00        16.17
   20.48        19.72
   20.82        19.98
   18.30        17.77
   24.52        22.66
   22.80        21.72
   21.13        20.19
   18.08        17.45
   20.20        19.42
   21.20        20.32
   21.84        20.83
   18.19        17.63
   21.65        20.63
   23.33        21.91
   18.03        17.46
   20.90        20.02
   18.58        18.01
   19.20        18.58
   21.15        20.27
   18.62        18.04
   17.97        17.42
   18.92        18.31
   23.35        22.05
   20.94        20.08
   19.56        18.85
   21.88        20.89
   18.48        17.92
   19.38        18.75
   22.67        21.58
   21.52        20.50
   21.98        20.99
   18.48        17.93
   20.01        19.27
   19.11        18.51
   18.13        17.58
   21.84        20.79
   17.89        17.21
   18.45        17.89
   22.25        21.20
   18.53        17.97
   20.99        20.10
   21.93        20.95
   19.18        18.59
   20.30        19.53
   20.45        19.66
   18.06        17.50
   22.12        21.06
   21.50        20.55
   22.61        21.49
   14.60        13.49
   23.23        21.86
   21.54        20.62
   21.05        20.18
   18.56        18.01
   21.94        20.88
   20.35        19.60
   22.98        21.63
   20.91        20.06
   17.54        16.67
   19.97        19.24
   18.53        17.98
   23.04        21.75
   21.65        20.60
   21.57        20.57
   19.81        19.12
   19.38        18.71
   21.42        20.47
   20.47        19.64
   23.62        22.19
   18.95        18.38
   18.57        18.01
   19.59        18.92
   20.13        19.39
   17.90        17.31
   18.99        18.38
   22.03        20.94
   18.65        18.08
   20.09        19.36
   21.59        20.66
   21.33        20.38
   20.55        19.77
   21.10        20.18
   20.93        20.08
   21.95        20.96
   23.47        22.06
   19.59        18.96
   23.89        22.52
   20.97        20.05
   21.88        20.86
   21.69        20.60
   19.12        18.50
   25.30        23.47
   22.04        21.00
   23.49        22.13
   22.19        21.13
   23.14        21.78
   20.45        19.67
   18.73        18.15
   18.29        17.75
   23.11        21.76
   20.10        19.33
   20.02        19.28
   20.32        19.54
   17.78        17.18
   24.62        23.11
   22.06        20.93
   19.68        19.01
   22.64        21.45
   19.93        19.21
   24.78        23.12
   21.64        20.64
   21.80        20.84
   19.85        19.13
   19.46        18.84
   24.43        22.83
   19.60        18.95
   22.14        21.04
   20.44        19.67
   20.98        20.04
   20.30        19.42
   19.48        18.73
   22.63        21.42
   18.97        18.34
   21.49        20.55
   22.24        21.24
   25.51        23.78
   18.90        18.14
   20.81        19.97
   24.34        22.84
   18.92        18.29
   18.06        17.47
   18.62        18.06
   21.91        20.89
   23.37        22.11
   23.83        22.42
   19.08        18.43
   17.57        16.81
   18.41        17.84
   25.08        23.21
   21.39        20.44
   19.03        18.43
   15.55        14.59
   18.87        18.31
   19.49        18.84
   18.56        17.96
   22.95        21.72
   18.37        17.82
   22.01        20.92
   22.34        21.28
   22.03        20.98
   21.97        20.96
   21.89        20.86
   19.88        19.08
   20.40        19.62
   20.42        19.62
   24.04        22.67
   21.26        20.38
   20.34        19.59
   22.76        21.51
   21.57        20.55
   19.55        18.45
   18.83        18.26
   20.35        19.51
   21.43        20.45
   16.96        16.15
   22.65        21.58
   20.70        19.87
   23.08        21.59
   22.17        21.15
   17.86        17.11
   20.77        19.94
   21.12        20.30
   20.62        19.77
   20.25        19.41
   20.32        19.57
   23.35        21.98
   22.67        21.50
   21.79        20.70
   18.14        17.58
   22.21        21.17
   20.25        19.48
   19.81        18.90
   23.19        21.83
   17.95        17.36
   19.41        18.77
   18.74        18.14
   19.01        18.40
   19.65        18.96
   22.62        21.45
   18.16        17.52
   22.66        21.46
   19.59        18.88
   22.61        21.47
   19.23        18.57
   23.54        22.14
   23.31        21.88
   22.19        21.03
   20.97        20.13
   22.36        21.17
   23.22        22.02
   20.07        19.34
   17.73        17.09
   19.68        18.97
   19.51        18.80
   20.76        19.95
   21.88        20.73
   18.45        17.87
   18.34        17.77
   24.23        22.54
   18.09        17.52
   23.03        21.76
   20.29        19.54
   20.40        19.60
   18.38        17.82
   22.88        21.66
   23.10        21.64
   19.16        18.55
   23.41        22.00
   20.87        20.01
   17.84        17.25
   21.57        20.61
   21.15        20.25
   21.76        20.85
   22.88        21.75
   18.78        18.19
   20.34        19.63
   20.82        19.97
   21.86        20.87
   18.92        18.30
   18.11        17.56
   21.79        20.77
   24.97        23.02
   21.11        20.20
   21.80        20.80
   19.96        19.25
   22.64        21.34
   23.00        21.77
   21.15        20.35
   25.06        23.49
   18.57        17.15
   17.96        17.39
   25.42        23.37
   18.87        18.25
   20.44        19.63
   22.84        21.61
   25.64        23.68
   24.20        22.73
   18.58        18.01
   19.89        19.07
   19.34        18.70
   18.98        18.28
   23.50        21.78
   18.95        18.35
   24.87        22.96
   22.70        21.52
   20.57        19.77
   22.67        21.50
   21.54        20.59
   19.69        18.99
   18.82        18.23
   20.84        20.01
   20.22        19.46
   20.87        20.02
   18.83        18.22
   25.65        23.12
   21.78        20.74
   19.69        18.96
   21.19        20.25
   24.04        22.71
   18.30        17.72
   22.87        21.62
   20.91        20.02
   22.83        21.64
   24.40        22.98
   18.46        17.92
   20.58        19.77
   23.38        22.08
   19.49        18.82
   20.58        19.81
   21.09        20.19
   18.70        18.10
   22.75        21.44
   19.05        18.40
   20.70        19.93
   19.92        19.15
   20.11        19.33
   22.73        21.64
   19.49        18.82
   20.80        19.89
   22.60        20.87
   20.91        20.02
   19.38        18.71
   20.22        19.37
   22.13        21.03
   20.32        19.40
   19.73        19.02
   21.33        20.37
   19.58        18.91
   21.18        20.29
   22.13        21.03
   20.07        19.35
   18.75        18.21
   19.76        19.05
   20.93        20.09
   20.19        19.50
   20.82        19.98
   20.39        19.58
   17.88        17.30
   22.40        21.27
   23.42        22.02
   17.93        17.37
   19.87        19.15
   20.22        19.33
   22.84        21.59
   21.90        20.84
   17.14        16.30
   21.28        20.32
   20.11        19.37
   21.18        20.26
   22.78        21.59
   19.98        19.28
   17.87        17.16
   19.57        18.87
   24.09        22.72
   19.32        18.68
   21.84        20.84
   20.02        19.24
   16.69        15.82
   21.43        20.44
   17.22        16.39
   23.64        22.16
   20.53        19.71
   20.29        19.50
   17.67        16.47
   22.66        21.47
   21.21        20.29
   21.45        20.49
   21.04        20.18
   20.48        19.71
   19.43        18.76
   23.46        22.03
   21.21        20.30
   19.00        18.41
   17.58        16.77
   18.84        18.25
   23.42        22.09
   21.33        20.42
   21.30        20.38
   23.41        21.88
   19.89        19.17
   22.99        21.64
   21.56        20.40
   22.86        21.72
   18.98        18.37
   21.36        20.41
   19.61        18.90
   20.71        19.88
   20.28        19.52
   22.76        21.51
   20.55        19.78
   21.60        20.57
   23.78        22.21
   22.53        21.45
   22.35        21.17
   23.33        21.76
   21.44        20.47
   22.15        21.06
   23.59        22.18
   19.23        18.59
   23.03        21.65
   23.39        22.13
   23.73        22.40
   22.38        20.99
   19.25        18.59
   20.08        19.37
   20.87        20.02
   19.84        19.12
   21.78        20.36
   22.75        21.44
   18.63        18.05
   23.01        21.51
   19.53        18.60
   17.92        17.36
   23.63        22.29
   18.93        18.34
   18.48        17.92
   23.04        21.72
   22.69        21.48
   19.35        18.70
   21.99        20.87
   23.39        21.87
   22.76        21.51
   20.63        19.82
   21.32        20.39
   22.42        21.33
   17.80        17.24
   19.50        18.83
   19.30        18.63
   19.84        19.13
   23.26        22.05
   20.27        19.50
   22.72        21.19
   19.90        19.23
   19.98        19.21
   19.95        19.21
   18.76        18.20
   20.63        19.82
   21.03        20.21
   19.23        18.58
   17.94        17.37
   21.22        20.28
   23.27        21.90
   23.61        22.36
   20.03        19.30
   21.65        20.70
   19.05        18.42
   23.22        22.03
   19.26        18.60
   17.97        17.41
   23.96        22.45
   22.09        20.58
   20.77        19.89
   18.74        18.16
   22.85        21.67
   21.15        20.27
   21.51        20.58
   23.06        21.89
   19.09        18.43
   20.60        19.78
   22.37        21.22
   22.94        21.65
   18.56        18.00
   19.01        18.13
   23.05        21.77
   21.64        20.67
   20.21        19.48
   23.45        22.06
   20.66        19.84
   20.30        19.55
   20.31        19.58
   21.26        20.38
   21.85        20.83
   21.70        20.72
   23.48        22.13
   23.39        22.01
   18.10        17.57
   20.35        19.54
   22.22        21.20
   22.63        21.45
   23.70        22.22
   20.03        19.35
   23.69        22.31
   22.00        20.93
   22.39        21.28
   18.71        18.13
   18.51        17.57
   20.15        19.25
   19.65        18.95
   18.33        17.80
   19.45        18.79
   20.76        19.93
   23.09        21.78
   23.18        22.01
   20.73        19.82
   19.29        18.67
   22.68        21.61
   17.98        17.43
   23.79        22.36
   23.23        21.92
   18.43        17.88
   21.28        20.45
   23.40        22.00
   21.02        20.17
   21.57        20.59
   19.46        18.77
   19.59        18.89
   21.04        20.16
   21.69        20.71
   20.82        20.01
   19.83        19.09
   22.34        21.15
   19.18        18.53
   20.26        19.37
   18.50        17.92
   15.90        15.09
   21.96        20.92
   20.31        19.53
   20.39        19.52
   20.23        19.36
   23.43        22.08
   20.21        19.44
   19.82        19.12
   19.82        19.11
   22.04        20.93
   18.61        18.05
   23.42        21.91
   16.99        16.18
   22.48        21.40
   20.84        19.98
   21.81        20.82
   22.16        21.13
   21.15        20.25
   21.50        20.56
   18.67        18.10
   18.53        17.99
   21.69        20.67
   21.15        20.28
   21.07        20.19
   18.95        18.36
   21.42        20.49
   19.11        18.51
   23.12        21.79
   23.62        22.19
   20.15        19.30
   23.24        21.97
   19.16        18.55
   22.47        21.38
   18.82        18.25
   19.12        18.50
   22.52        21.27
   21.12        20.25
   23.61        22.30
   14.28        13.12
   20.94        20.08
   24.17        22.80
   22.94        21.74
   21.68        20.17
   21.81        20.87
   22.60        21.40
   15.67        14.77
   23.43        22.04
   20.42        19.66
   23.44        22.07
   18.66        18.09
   22.28        21.23
   22.68        21.48
   22.84        21.73
   22.38        21.25
   23.98        22.60
   19.72        19.07
   17.95        17.34
   19.93        19.23
   20.25        19.50
   22.60        21.53
   22.58        21.42
   23.61        22.10
   22.09        21.00
   20.39        19.54
   22.31        21.17
   21.84        20.92
   22.45        21.30
   20.34        19.59
   19.36        18.38
   17.84        17.17
   21.12        20.22
   22.95        21.68
   19.14        18.54
   21.74        20.76
   21.75        20.78
   21.22        20.34
   20.66        19.87
   23.10        21.85
   18.59        18.07
   22.64        21.52
   23.14        21.85
   20.80        19.83
   22.03        20.91
   21.05        20.14
   18.07        17.51
   18.98        18.41
   22.71        21.41
   19.45        18.88
   19.16        18.60
   19.38        18.71
   22.04        20.93
   23.05        21.54
   19.51        18.87
   22.28        21.28
   20.32        19.57
   19.20        18.61
   19.96        19.23
   18.32        17.74
   20.26        19.38
