   11.06        10.44
    7.62         7.52
    6.57         6.60
    8.15         7.97
    5.01         5.09
    3.56         3.64
    8.34         8.12
   12.13        11.35
    7.07         6.95
   11.77        10.91
    9.54         9.05
   10.58        10.02
    8.63         8.27
    9.80         9.25
   10.42         9.88
    7.87         7.66
   11.12        10.48
    6.87         6.81
    2.78         2.87
    6.31         6.29
    8.51         8.25
    9.15         8.69
    7.31         7.26
    7.02         6.99
    6.84         6.82
   13.79        12.61
    9.93         9.46
    8.67         8.37
    9.75         9.29
   13.14        12.12
   12.58        11.71
   11.06        10.42
   12.20        11.34
   13.68        12.89
    7.45         7.35
    8.28         7.96
    4.12         4.18
   10.25         9.70
    5.72         5.76
    6.41         6.43
    8.95         8.60
   12.19        11.27
    3.81         3.88
    7.34         7.18
    9.97         9.45
   11.22        10.55
   10.75        10.13
    8.25         8.04
    8.05         7.85
    4.20         4.31
   11.02        10.39
    5.42         5.46
    8.92         8.58
   12.25        11.40
    3.60         3.71
   11.61        10.81
   12.87        11.93
